427
739
600
599
126
798
826
503
166
966
506
143
150
501
740
177
220
569
403
689
869
694
786
248
991
861
174
585
881
359
448
577
821
921
210
755
356
280
451
450
985
443
952
143
519
991
283
600
278
668
344
152
219
282
943
416
728
489
389
397
967
759
170
358
970
490
372
568
362
755
230
988
814
842
478
350
229
554
484
976
865
843
804
612
105
444
417
257
335
894
358
630
693
995
825
264
819
865
950
869
376
144
131
713
697
560
931
736
487
652
980
982
100
149
554
922
121
161
664
182
471
676
415
375
375
898
159
147
869
110
603
675
156
989
717
142
645
144
503
489
147
700
868
358
648
835
863
460
899
439
800
925
857
479
364
455
891
857
698
391
525
721
920
956
976
494
114
790
559
515
268
668
812
428
894
220
983
394
408
619
841
441
807
373
867
575
785
214
405
156
774
285
655
278
660
600
687
612
285
592
489
828
484
562
990
296
127
969
879
738
904
619
964
652
551
324
234
301
361
488
702
958
356
309
348
299
823
991
601
446
358
913
479
433
492
532
322
600
545
312
917
707
246
441
249
141
148
205
345
378
682
480
263
201
939
505
852
799
304
801
512
965
767
175
774
888
291
999
335
932
564
320
175
969
432
704
926
508
885
823
127
109
302
792
975
441
760
399
328
530
815
417
303
104
341
394
451
966
849
700
181
845
947
519
653
422
495
687
904
280
266
190
860
162
499
718
394
147
241
146
135
244
293
141
200
143
119
284
749
675
398
450
351
317
977
676
754
201
172
271
806
160
156
610
322
597
997
115
300
953
619
926
670
863
492
626
840
600
825
769
988
280
343
309
649
118
528
193
159
664
524
276
749
556
359
822
725
253
709
459
844
214
148
855
762
589
693
991
925
285
229
778
391
307
504
316
719
870
993
326
469
246
707
163
802
464
857
347
874
746
281
844
524
596
397
447
208
547
154
356
802
249
356
456
791
722
915
695
382
328
507
595
534
969
227
188
434
166
960
989
263
148
611
103
766
675
192
525
270
751
482
684
532
509
989
911
171
385
843
312
680
327
915
440
754
718
233
190
958
879
854
366
780
848
611
582
455
781
282
474
683
243
301
728
960
200
352
788
710
348
783
247
711
738
913
650
254
545
438
647
447
204
103
800
179
174
987
748
340
428
959
474
323
462
626
282
777
165
311
634
943
304
976
478
482
982
932
300
116
564
636
568
849
255
491
950
306
170
801
384
273
199
499
313
232
700
682
799
414
317
702
834
420
576
113
595
467
979
527
649
906
310
876
611
737
201
524
214
561
846
823
303
667
736
718
262
706
393
561
609
565
397
252
775
414
184
726
773
448
821
949
673
302
845
700
695
376
513
704
132
645
964
607
683
548
351
173
447
125
820
716
613
808
569
647
614
622
773
248
892
280
310
387
972
398
265
972
439
216
202
747
328
184
288
855
993
967
172
429
572
995
287
596
544
125
113
362
552
707
350
984
424
552
449
172
538
489
872
398
168
287
829
449
807
831
296
863
475
249
137
487
707
829
287
374
819
844
380
119
717
804
118
351
244
755
632
512
868
434
484
590
538
567
830
921
348
186
721
771
446
117
962
947
783
178
315
286
994
476
307
247
539
562
325
674
467
469
780
646
362
667
790
280
160
279
321
112
721
635
574
160
137
525
532
529
379
113
554
262
872
749
160
853
714
168
226
272
979
693
110
805
314
326
525
383
856
415
362
955
599
712
207
765
957
636
353
526
948
717
889
633
356
249
331
314
705
999
752
524
512
930
897
744
710
476
130
604
740
532
922
884
517
413
912
919
612
424
594
938
550
919
359
884
948
566
415
100
508
851
925
751
332
494
106
476
503
810
685
898
998
341
883
987
691
226
971
404
418
946
192
187
740
890
845
237
807
439
239
458
700
156
911
815
866
458
803
650
714
418
714
896
870
259
491
208
216
271
272
261
168
648
177
809
817
817
341
309
892
134
564
946
786
922
746
504
956
277
983
680
424
418
340
959
273
708
535
460
467
569
303
411
671
155
518
889
174
908
388
440
107
555
815
112
310
505
884
423
848
370
514
307
615
437
577
633
942
756
765
684
209
725
319
587
383
606
167
763
966
538
314
286
188
855
980
782
812
922
391
331
273
609
784
579
376
942
777
774
753
521
603
651
587
182
611
199
441
102
395
641
448
678
594
364
971
990
468
262
949
292
175
134
351
298
767
453
422
817
373
174
942
366
533
878
552
874
125
676
557
221
915
116
957
659
649
355
837
589
461
529
149
